M = 3; 
N = 17; 
C = [[0.7804492486962897, 0.256858872160297, 0.8466966401913001, 0.4303994149149589, 0.4740145752715219, 0.18396747565692473, 0.46477884794529023, 0.07959423508442709, 0.8922482513331158, 0.8269197330054807, 0.8180930954237058, 0.8152247780393623, 0.5850693613400206, 0.001964782389482167, 0.5311442712920582, 0.06352361865620848, 0.36377851667159666], [0.45679876291693244, 0.2434985050598899, 0.8324999505089675, 0.02720201168215519, 0.7321050090644804, 0.8023089885475498, 0.48031029063469355, 0.2569957843784061, 0.834199317762079, 0.04906545204228496, 0.09052553947743525, 0.8918565972673664, 0.6953727729129122, 0.820959726381735, 0.7985632555188752, 0.056989409859371176, 0.89168955760991], [0.06948536043726106, 0.54734287412573, 0.17303100318963927, 0.11241078727524811, 0.062366547468047595, 0.9152611765739661, 0.6977325203968351, 0.43087946045330927, 0.479637722951998, 0.8558733628738696, 0.5640536676535283, 0.5136160586237059, 0.8406719785150868, 0.41620557952802584, 0.6699244943191772, 0.5225377612623178, 0.10618308681432531]] ;
